776
896
733
712
64
524
335
595
837
236
466
170
339
792
610
803
138
662
539
526
289
629
109
28
978
793
826
399
619
163
36
572
894
873
88
157
683
746
127
471
856
752
179
673
982
964
380
181
484
372
831
229
490
655
838
555
455
165
223
134
922
169
637
35
56
812
581
208
909
410
166
431
532
607
141
92
636
351
567
966
346
260
618
44
501
304
379
684
765
638
326
192
120
670
880
972
62
540
587
487
225
857
579
405
785
748
680
132
781
973
984
663
552
247
914
1021
756
672
428
1018
677
310
107
728
354
270
207
652
714
927
797
142
701
110
910
3
874
456
161
256
847
854
905
656
768
104
430
369
318
974
549
193
751
329
323
488
510
154
457
479
26
460
855
262
101
164
553
724
355
755
220
290
818
462
57
886
794
432
676
958
563
177
876
375
367
350
420
248
802
628
948
832
268
461
112
550
912
196
117
590
222
153
504
429
580
754
518
801
397
633
991
732
615
1
232
891
689
631
139
810
118
745
702
16
738
667
786
363
253
787
725
839
634
968
731
241
126
39
293
711
919
95
137
548
542
675
125
63
114
985
398
300
98
594
5
917
417
613
703
897
1015
713
899
690
511
994
482
584
598
180
426
871
396
287
924
686
320
99
444
822
459
823
767
324
86
627
544
784
659
989
521
965
761
89
969
205
599
983
302
421
952
795
50
682
102
830
337
493
468
882
616
194
258
577
151
357
820
246
773
327
1017
647
201
500
904
292
771
561
920
382
621
730
850
694
800
646
1003
451
93
233
825
174
97
21
415
574
658
71
371
528
700
998
108
541
879
366
263
454
722
817
600
571
962
4
387
227
848
486
568
91
19
806
559
377
446
389
25
55
791
588
717
562
277
72
895
864
691
640
218
171
502
868
840
604
129
1000
485
669
82
238
841
29
988
12
404
852
883
976
221
741
202
898
698
918
757
105
679
862
59
67
178
213
303
436
913
827
716
727
762
780
434
51
744
407
706
314
76
282
188
240
514
622
750
687
356
575
931
889
340
435
467
230
135
231
987
489
597
40
313
18
736
890
216
788
635
639
529
688
808
678
942
681
316
947
954
219
349
573
0
49
152
981
13
842
589
168
512
872
259
660
23
299
392
955
609
497
995
312
692
977
760
245
644
513
546
626
198
334
630
661
805
624
623
533
586
1002
480
411
759
195
131
833
85
37
234
280
617
408
148
11
22
735
867
319
545
271
863
413
206
507
347
235
272
58
298
217
605
419
643
798
505
1008
861
296
306
828
332
557
273
668
565
495
620
525
66
739
251
191
566
933
365
391
90
215
592
1006
845
144
564
1001
465
935
1009
344
61
740
252
729
442
887
990
449
278
122
228
715
950
992
775
325
777
843
381
576
441
921
520
75
113
17
360
531
473
986
283
772
20
8
494
100
1010
859
53
155
849
342
60
27
275
294
642
763
695
34
182
645
999
649
997
30
1005
143
45
183
535
84
829
866
943
483
903
585
175
376
406
77
940
811
243
1022
892
383
934
15
804
94
295
957
176
305
1004
162
199
809
710
79
543
632
111
9
551
774
893
156
696
338
799
136
517
556
321
664
172
860
936
778
264
74
186
361
959
1023
527
214
481
362
875
834
68
939
70
418
937
2
650
961
333
203
211
960
915
322
790
666
1011
476
352
496
902
261
719
709
453
758
928
723
789
204
515
953
916
783
348
1013
330
509
742
119
448
237
816
190
472
900
250
414
708
452
1016
930
439
963
929
813
498
412
530
653
651
674
14
140
906
395
370
150
390
492
307
601
1019
606
173
317
274
602
538
458
249
80
932
853
297
267
1007
945
596
400
341
554
979
537
69
753
437
1012
416
654
78
328
503
569
478
967
343
48
865
409
582
433
87
315
814
911
593
499
133
200
158
54
373
705
824
641
291
7
276
345
301
197
779
257
425
239
224
464
445
73
279
308
281
424
463
925
699
1014
438
266
336
815
167
506
993
975
570
130
901
124
146
821
747
926
693
869
43
359
878
149
331
447
244
614
475
386
364
265
611
782
470
187
726
286
269
749
385
311
33
6
870
671
946
31
38
378
123
858
116
106
591
52
128
284
944
970
46
885
209
884
450
956
547
851
846
477
996
24
32
907
949
796
212
1020
734
608
83
254
558
384
184
769
145
721
578
697
358
403
422
185
353
648
522
81
908
288
523
393
560
612
938
819
764
923
427
474
836
657
665
720
743
980
374
121
255
951
401
770
508
766
491
685
115
807
41
534
704
443
888
388
226
47
835
147
844
309
941
368
402
877
519
65
423
971
42
160
516
583
96
536
394
707
189
285
159
718
440
242
603
737
210
469
10
103
881
625
